576;[{"Symptom":"normal","Scenario":" init initialize invoke.249 invoke.202 invoke.260 invoke.970","LoopIndex":-1,"MemoryUsage":3.2826128E7,"TotalTime":0.006842,"NumberOfStates":24},{"Symptom":"normal","Scenario":" init initialize invoke.249 invoke.202 invoke.260 invoke.970","LoopIndex":-1,"MemoryUsage":3.2826128E7,"TotalTime":0.0024477,"NumberOfStates":24},{"Symptom":"normal","Scenario":" init initialize invoke.249 invoke.202 invoke.260 invoke.970","LoopIndex":-1,"MemoryUsage":3.2914624E7,"TotalTime":0.180927,"NumberOfStates":24},{"Symptom":"normal","Scenario":" init initialize invoke.249 invoke.202 invoke.260 invoke.970","LoopIndex":-1,"MemoryUsage":6.5551624E7,"TotalTime":0.3188143,"NumberOfStates":24},{"Symptom":"normal","Scenario":" init initialize invoke.249 invoke.202 invoke.260 invoke.970","LoopIndex":-1,"MemoryUsage":3.2924432E7,"TotalTime":0.0028188,"NumberOfStates":23}]
838;[{"Symptom":"normal","Scenario":" init initialize invoke.270 request.545 invoke.545","LoopIndex":-1,"MemoryUsage":6.558293E7,"TotalTime":0.0057312,"NumberOfStates":14},{"Symptom":"normal","Scenario":" init initialize invoke.270 request.482 invoke.482 request.844 invoke.844","LoopIndex":-1,"MemoryUsage":3.7450464E7,"TotalTime":0.0059723,"NumberOfStates":14},{"Symptom":"normal","Scenario":" init initialize invoke.270 request.545 invoke.545","LoopIndex":-1,"MemoryUsage":253128.0,"TotalTime":0.102186,"NumberOfStates":12},{"Symptom":"normal","Scenario":" init initialize invoke.270 request.482 invoke.482 request.844 invoke.844","LoopIndex":-1,"MemoryUsage":3.2703672E7,"TotalTime":0.1714317,"NumberOfStates":15},{"Symptom":"normal","Scenario":" init initialize invoke.270 request.482 invoke.482 request.844 invoke.844","LoopIndex":-1,"MemoryUsage":4919032.0,"TotalTime":0.1345896,"NumberOfStates":15},{"Symptom":"normal","Scenario":" init initialize invoke.270 request.482 invoke.482 request.844 invoke.844","LoopIndex":-1,"MemoryUsage":2.828228E7,"TotalTime":0.0987302,"NumberOfStates":15},{"Symptom":"normal","Scenario":" init initialize invoke.270 request.482 invoke.482 request.844 invoke.844","LoopIndex":-1,"MemoryUsage":3.2735176E7,"TotalTime":0.0276882,"NumberOfStates":16},{"Symptom":"normal","Scenario":" init initialize invoke.270 request.482 invoke.482 request.844 invoke.844","LoopIndex":-1,"MemoryUsage":4.2171664E7,"TotalTime":0.1865018,"NumberOfStates":15}]
1045;[{"Symptom":"normal","Scenario":" init initialize invoke.288 request.524 invoke.524","LoopIndex":-1,"MemoryUsage":8.902931E7,"TotalTime":0.0061457,"NumberOfStates":8},{"Symptom":"normal","Scenario":" init initialize invoke.288 request.524 invoke.524","LoopIndex":-1,"MemoryUsage":192160.0,"TotalTime":0.1295363,"NumberOfStates":8},{"Symptom":"normal","Scenario":" init initialize invoke.288 request.524 invoke.524","LoopIndex":-1,"MemoryUsage":6.0764784E7,"TotalTime":0.0762163,"NumberOfStates":9},{"Symptom":"normal","Scenario":" init initialize invoke.288 request.524 invoke.524","LoopIndex":-1,"MemoryUsage":9385032.0,"TotalTime":0.3376357,"NumberOfStates":10},{"Symptom":"normal","LoopIndex":-1,"MemoryUsage":6.07924E7,"TotalTime":0.1529902,"NumberOfStates":6},{"Symptom":"normal","Scenario":" init initialize invoke.288 request.524 invoke.524","LoopIndex":-1,"MemoryUsage":9.835739E7,"TotalTime":0.4409478,"NumberOfStates":9},{"Symptom":"normal","Scenario":" init initialize invoke.288 request.524 invoke.524","LoopIndex":-1,"MemoryUsage":6.570201E7,"TotalTime":0.1952754,"NumberOfStates":10},{"Symptom":"normal","Scenario":" init initialize invoke.288 request.524 invoke.524","LoopIndex":-1,"MemoryUsage":6.0911336E7,"TotalTime":0.0021606,"NumberOfStates":10}]
1067;[{"Symptom":"normal","Scenario":" init initialize invoke.449 request.262 invoke.262 request.570 invoke.570","LoopIndex":-1,"MemoryUsage":6.5853984E7,"TotalTime":0.0059519,"NumberOfStates":17},{"Symptom":"normal","Scenario":" init initialize invoke.449 request.262 invoke.262 request.570 invoke.570","LoopIndex":-1,"MemoryUsage":3.2922896E7,"TotalTime":0.0043668,"NumberOfStates":17},{"Symptom":"normal","Scenario":" init initialize invoke.449 request.262 invoke.262 request.564 invoke.564 request.524 invoke.524","LoopIndex":-1,"MemoryUsage":3.2932624E7,"TotalTime":0.0054261,"NumberOfStates":18},{"Symptom":"normal","Scenario":" init initialize invoke.449 request.262 invoke.262 request.570 invoke.570","LoopIndex":-1,"MemoryUsage":3.2932624E7,"TotalTime":0.0026051,"NumberOfStates":16},{"Symptom":"normal","Scenario":" init initialize invoke.449 request.262 invoke.262 request.570 invoke.570","LoopIndex":-1,"MemoryUsage":6.096307E7,"TotalTime":0.0074405,"NumberOfStates":15},{"Symptom":"normal","LoopIndex":-1,"MemoryUsage":6.575319E7,"TotalTime":0.0212497,"NumberOfStates":12},{"Symptom":"normal","Scenario":" init initialize invoke.449 request.262 invoke.262 request.570 invoke.570","LoopIndex":-1,"MemoryUsage":3.2906848E7,"TotalTime":0.0021744,"NumberOfStates":16},{"Symptom":"normal","Scenario":" init initialize invoke.449 request.262 invoke.262 request.570 invoke.570","LoopIndex":-1,"MemoryUsage":6.1172256E7,"TotalTime":0.0061369,"NumberOfStates":15},{"Symptom":"normal","Scenario":" init initialize invoke.449 request.262 invoke.262 request.570 invoke.570","LoopIndex":-1,"MemoryUsage":3.7567096E7,"TotalTime":0.074247,"NumberOfStates":16},{"Symptom":"normal","Scenario":" init initialize invoke.449 request.262 invoke.262 request.570 invoke.570","LoopIndex":-1,"MemoryUsage":3.3071048E7,"TotalTime":0.1281567,"NumberOfStates":15},{"Symptom":"normal","Scenario":" init initialize invoke.449 request.262 invoke.262 request.570 invoke.570","LoopIndex":-1,"MemoryUsage":4830192.0,"TotalTime":0.1272493,"NumberOfStates":16},{"Symptom":"normal","Scenario":" init initialize invoke.449 request.262 invoke.262 request.570 invoke.570","LoopIndex":-1,"MemoryUsage":3.7507056E7,"TotalTime":0.1294293,"NumberOfStates":15}]
1080;[{"Symptom":"normal","LoopIndex":-1,"MemoryUsage":3.3099048E7,"TotalTime":0.00643,"NumberOfStates":86},{"Symptom":"normal","LoopIndex":-1,"MemoryUsage":6.147356E7,"TotalTime":0.0103226,"NumberOfStates":86},{"Symptom":"normal","LoopIndex":-1,"MemoryUsage":6.616264E7,"TotalTime":0.0716228,"NumberOfStates":68},{"Symptom":"livelock","Scenario":" init initialize invoke.570 request.580 invoke.580 request.287 invoke.287 invoke.260 request.580 invoke.580 request.287 invoke.287","LoopIndex":-1,"MemoryUsage":79184.0,"TotalTime":0.0078632,"NumberOfStates":34},{"Symptom":"livelock","Scenario":" init initialize invoke.570 request.580 invoke.580 request.287 invoke.287 invoke.260 request.580 invoke.580 request.287 invoke.287","LoopIndex":-1,"MemoryUsage":9.876679E7,"TotalTime":0.4348995,"NumberOfStates":32},{"Symptom":"normal","LoopIndex":-1,"MemoryUsage":2.8776832E7,"TotalTime":0.207242,"NumberOfStates":68},{"Symptom":"livelock","Scenario":" init initialize invoke.570 request.580 invoke.580 request.287 invoke.287 invoke.260 request.580 invoke.580 request.287 invoke.287","LoopIndex":-1,"MemoryUsage":3.2958088E7,"TotalTime":0.2885247,"NumberOfStates":32},{"Symptom":"livelock","Scenario":" init initialize invoke.570 request.580 invoke.580 request.287 invoke.287 invoke.260 request.580 invoke.580 request.287 invoke.287","LoopIndex":-1,"MemoryUsage":6.559472E7,"TotalTime":0.3402681,"NumberOfStates":34},{"Symptom":"livelock","Scenario":" init initialize invoke.570 request.580 invoke.580 request.287 invoke.287 invoke.260 request.580 invoke.580 request.287 invoke.287","LoopIndex":-1,"MemoryUsage":3.2884624E7,"TotalTime":0.1590635,"NumberOfStates":33}]
1100;[{"Symptom":"normal","LoopIndex":-1,"MemoryUsage":3.2804136E7,"TotalTime":0.0035829,"NumberOfStates":27},{"Symptom":"normal","Scenario":" init initialize invoke.449 request.262 invoke.262 request.564 invoke.564 invoke.319","LoopIndex":-1,"MemoryUsage":3.2809744E7,"TotalTime":0.002483,"NumberOfStates":25},{"Symptom":"normal","Scenario":" init initialize invoke.449 request.262 invoke.262 request.564 invoke.564 invoke.319","LoopIndex":-1,"MemoryUsage":6.562761E7,"TotalTime":0.0533857,"NumberOfStates":19},{"Symptom":"normal","Scenario":" init initialize invoke.449 request.262 invoke.262 request.564 invoke.564 invoke.319","LoopIndex":-1,"MemoryUsage":3.3042144E7,"TotalTime":0.0066641,"NumberOfStates":25},{"Symptom":"normal","Scenario":" init initialize invoke.449 request.262 invoke.262 request.564 invoke.564 invoke.319","LoopIndex":-1,"MemoryUsage":3.7580056E7,"TotalTime":0.2351111,"NumberOfStates":19},{"Symptom":"normal","Scenario":" init initialize invoke.449 request.262 invoke.262 request.564 invoke.564 invoke.319","LoopIndex":-1,"MemoryUsage":5063352.0,"TotalTime":0.4604575,"NumberOfStates":26},{"Symptom":"normal","LoopIndex":-1,"MemoryUsage":3.2806128E7,"TotalTime":0.0680744,"NumberOfStates":21},{"Symptom":"normal","Scenario":" init initialize invoke.449 request.262 invoke.262 request.564 invoke.564 invoke.319","LoopIndex":-1,"MemoryUsage":7.032867E7,"TotalTime":0.1668424,"NumberOfStates":25},{"Symptom":"normal","Scenario":" init initialize invoke.449 request.262 invoke.262 request.564 invoke.564 invoke.319","LoopIndex":-1,"MemoryUsage":7.034506E7,"TotalTime":0.1683032,"NumberOfStates":26}]
1158;[{"Symptom":"livelock","Scenario":" init initialize invoke.288 request.570 invoke.570 invoke.262 request.570 invoke.570 invoke.145 request.570 invoke.570","LoopIndex":-1,"MemoryUsage":3.3276688E7,"TotalTime":0.0034858,"NumberOfStates":40},{"Symptom":"normal","LoopIndex":-1,"MemoryUsage":3.778124E7,"TotalTime":0.1011457,"NumberOfStates":155},{"Symptom":"normal","LoopIndex":-1,"MemoryUsage":1.00294064E8,"TotalTime":0.1227299,"NumberOfStates":155},{"Symptom":"normal","LoopIndex":-1,"MemoryUsage":9.986808E7,"TotalTime":0.1211208,"NumberOfStates":155},{"Symptom":"livelock","Scenario":" init initialize invoke.288 request.570 invoke.570 invoke.262 request.570 invoke.570 invoke.145 request.570 invoke.570","LoopIndex":-1,"MemoryUsage":8.948502E7,"TotalTime":0.0853539,"NumberOfStates":40},{"Symptom":"livelock","Scenario":" init initialize invoke.288 request.570 invoke.570 invoke.262 request.570 invoke.570 invoke.145 request.570 invoke.570","LoopIndex":-1,"MemoryUsage":128040.0,"TotalTime":0.3332851,"NumberOfStates":37},{"Symptom":"livelock","Scenario":" init initialize invoke.288 request.570 invoke.570 invoke.262 request.570 invoke.570 invoke.145 request.570 invoke.570","LoopIndex":-1,"MemoryUsage":2.8307272E7,"TotalTime":0.155923,"NumberOfStates":40},{"Symptom":"livelock","Scenario":" init initialize invoke.288 request.570 invoke.570 invoke.262 request.570 invoke.570 invoke.145 request.570 invoke.570","LoopIndex":-1,"MemoryUsage":3.765005E7,"TotalTime":0.0548966,"NumberOfStates":39}]
818;[{"Symptom":"normal","LoopIndex":-1,"MemoryUsage":6.1769384E7,"TotalTime":0.0892024,"NumberOfStates":155},{"Symptom":"normal","LoopIndex":-1,"MemoryUsage":3.802951E7,"TotalTime":0.1242952,"NumberOfStates":155},{"Symptom":"livelock","Scenario":" init initialize invoke.288 request.570 invoke.570 invoke.262 request.570 invoke.570 invoke.145 request.570 invoke.570","LoopIndex":-1,"MemoryUsage":6.109156E7,"TotalTime":0.0098356,"NumberOfStates":40},{"Symptom":"livelock","Scenario":" init initialize invoke.288 request.570 invoke.570 invoke.262 request.570 invoke.570 invoke.145 request.570 invoke.570","LoopIndex":-1,"MemoryUsage":3.7556504E7,"TotalTime":0.0599407,"NumberOfStates":40},{"Symptom":"normal","LoopIndex":-1,"MemoryUsage":6.670605E7,"TotalTime":0.0882257,"NumberOfStates":155},{"Symptom":"livelock","Scenario":" init initialize invoke.288 request.570 invoke.570 invoke.262 request.570 invoke.570 invoke.145 request.570 invoke.570","LoopIndex":-1,"MemoryUsage":3.2867136E7,"TotalTime":0.0110337,"NumberOfStates":40},{"Symptom":"livelock","Scenario":" init initialize invoke.288 request.570 invoke.570 invoke.262 request.570 invoke.570 invoke.145 request.570 invoke.570","LoopIndex":-1,"MemoryUsage":6.1206336E7,"TotalTime":0.0039748,"NumberOfStates":37},{"Symptom":"livelock","Scenario":" init initialize invoke.288 request.570 invoke.570 invoke.262 request.570 invoke.570 invoke.145 request.570 invoke.570","LoopIndex":-1,"MemoryUsage":3.764892E7,"TotalTime":0.0347828,"NumberOfStates":39}]
998;[{"Symptom":"normal","LoopIndex":-1,"MemoryUsage":1.01512048E8,"TotalTime":0.4490349,"NumberOfStates":155},{"Symptom":"livelock","Scenario":" init initialize invoke.564 request.524 invoke.524 invoke.287 request.524 invoke.524 invoke.288 request.524 invoke.524","LoopIndex":-1,"MemoryUsage":-4255808.0,"TotalTime":0.1681831,"NumberOfStates":40},{"Symptom":"normal","LoopIndex":-1,"MemoryUsage":3.370521E7,"TotalTime":0.0083053,"NumberOfStates":155},{"Symptom":"normal","LoopIndex":-1,"MemoryUsage":3.875245E7,"TotalTime":0.3732226,"NumberOfStates":155},{"Symptom":"livelock","Scenario":" init initialize invoke.564 request.524 invoke.524 invoke.287 request.524 invoke.524 invoke.288 request.524 invoke.524","LoopIndex":-1,"MemoryUsage":1.030623E8,"TotalTime":0.4374962,"NumberOfStates":40},{"Symptom":"livelock","Scenario":" init initialize invoke.564 request.524 invoke.524 invoke.287 request.524 invoke.524 invoke.288 request.524 invoke.524","LoopIndex":-1,"MemoryUsage":3.2875328E7,"TotalTime":0.0879993,"NumberOfStates":40},{"Symptom":"livelock","Scenario":" init initialize invoke.564 request.524 invoke.524 invoke.287 request.524 invoke.524 invoke.288 request.524 invoke.524","LoopIndex":-1,"MemoryUsage":3.2846416E7,"TotalTime":0.0471054,"NumberOfStates":37},{"Symptom":"livelock","Scenario":" init initialize invoke.564 request.524 invoke.524 invoke.287 request.524 invoke.524 invoke.288 request.524 invoke.524","LoopIndex":-1,"MemoryUsage":3.2989968E7,"TotalTime":0.0029459,"NumberOfStates":39}]
1158;[{"Symptom":"normal","LoopIndex":-1,"MemoryUsage":9.588696E7,"TotalTime":0.9624534,"NumberOfStates":155},{"Symptom":"normal","LoopIndex":-1,"MemoryUsage":9.428597E7,"TotalTime":0.4795367,"NumberOfStates":155},{"Symptom":"livelock","Scenario":" init initialize invoke.564 request.524 invoke.524 invoke.287 request.524 invoke.524 invoke.288 request.524 invoke.524","LoopIndex":-1,"MemoryUsage":9.863537E7,"TotalTime":0.9875206,"NumberOfStates":39},{"Symptom":"livelock","Scenario":" init initialize invoke.564 request.524 invoke.524 invoke.287 request.524 invoke.524 invoke.288 request.524 invoke.524","LoopIndex":-1,"MemoryUsage":1.2720548E8,"TotalTime":0.6537177,"NumberOfStates":37},{"Symptom":"normal","LoopIndex":-1,"MemoryUsage":3.3891056E7,"TotalTime":0.0048841,"NumberOfStates":155},{"Symptom":"livelock","Scenario":" init initialize invoke.564 request.524 invoke.524 invoke.287 request.524 invoke.524 invoke.288 request.524 invoke.524","LoopIndex":-1,"MemoryUsage":3.2867088E7,"TotalTime":0.0025052,"NumberOfStates":40},{"Symptom":"livelock","Scenario":" init initialize invoke.564 request.524 invoke.524 invoke.287 request.524 invoke.524 invoke.288 request.524 invoke.524","LoopIndex":-1,"MemoryUsage":3.767915E7,"TotalTime":0.0039611,"NumberOfStates":40},{"Symptom":"livelock","Scenario":" init initialize invoke.564 request.524 invoke.524 invoke.287 request.524 invoke.524 invoke.288 request.524 invoke.524","LoopIndex":-1,"MemoryUsage":7.02555E7,"TotalTime":0.2638124,"NumberOfStates":40}]
1509;[{"Symptom":"normal","Scenario":" init initialize invoke.270 request.545 invoke.545","LoopIndex":-1,"MemoryUsage":3.2908048E7,"TotalTime":0.0023142,"NumberOfStates":13},{"Symptom":"normal","Scenario":" init initialize invoke.270 request.545 invoke.545","LoopIndex":-1,"MemoryUsage":3.29244E7,"TotalTime":0.0017994,"NumberOfStates":18},{"Symptom":"normal","Scenario":" init initialize invoke.270 request.482 invoke.482 request.249 invoke.249 request.288 invoke.288","LoopIndex":-1,"MemoryUsage":7.0555576E7,"TotalTime":0.3648936,"NumberOfStates":18},{"Symptom":"normal","Scenario":" init initialize invoke.270 request.545 invoke.545","LoopIndex":-1,"MemoryUsage":9.412247E7,"TotalTime":0.1029741,"NumberOfStates":15},{"Symptom":"normal","Scenario":" init initialize invoke.270 request.545 invoke.545","LoopIndex":-1,"MemoryUsage":6.1198056E7,"TotalTime":0.0041991,"NumberOfStates":20},{"Symptom":"normal","Scenario":" init initialize invoke.270 request.482 invoke.482 request.249 invoke.249 request.288 invoke.288","LoopIndex":-1,"MemoryUsage":3.758261E7,"TotalTime":0.0313958,"NumberOfStates":20},{"Symptom":"normal","Scenario":" init initialize invoke.270 request.545 invoke.545","LoopIndex":-1,"MemoryUsage":3.29244E7,"TotalTime":0.0018354,"NumberOfStates":20},{"Symptom":"normal","Scenario":" init initialize invoke.270 request.482 invoke.482 request.249 invoke.249 request.288 invoke.288","LoopIndex":-1,"MemoryUsage":3.2932624E7,"TotalTime":0.0041288,"NumberOfStates":19},{"Symptom":"normal","Scenario":" init initialize invoke.270 request.482 invoke.482 request.249 invoke.249 request.288 invoke.288","LoopIndex":-1,"MemoryUsage":6.585628E7,"TotalTime":0.1776604,"NumberOfStates":20},{"Symptom":"normal","Scenario":" init initialize invoke.270 request.545 invoke.545","LoopIndex":-1,"MemoryUsage":6.571141E7,"TotalTime":0.1775061,"NumberOfStates":20},{"Symptom":"normal","Scenario":" init initialize invoke.270 request.482 invoke.482 request.249 invoke.249 request.288 invoke.288","LoopIndex":-1,"MemoryUsage":6.1394664E7,"TotalTime":0.0025419,"NumberOfStates":21},{"Symptom":"normal","Scenario":" init initialize invoke.270 request.482 invoke.482 request.249 invoke.249 request.288 invoke.288","LoopIndex":-1,"MemoryUsage":3.7771896E7,"TotalTime":0.0288079,"NumberOfStates":20}]
error atarch-20-2/15
1396;[{"Symptom":"normal","Scenario":" init initialize invoke.482 request.844 invoke.844","LoopIndex":-1,"MemoryUsage":3.291624E7,"TotalTime":0.0042478,"NumberOfStates":15},{"Symptom":"normal","Scenario":" init initialize invoke.482 request.249 invoke.249 request.270 invoke.270 request.545 invoke.545","LoopIndex":-1,"MemoryUsage":3.2965392E7,"TotalTime":0.0116534,"NumberOfStates":19},{"Symptom":"normal","Scenario":" init initialize invoke.482 request.844 invoke.844","LoopIndex":-1,"MemoryUsage":3.2786536E7,"TotalTime":0.1570455,"NumberOfStates":14},{"Symptom":"normal","Scenario":" init initialize invoke.482 request.844 invoke.844","LoopIndex":-1,"MemoryUsage":3.291624E7,"TotalTime":0.0024544,"NumberOfStates":15},{"Symptom":"normal","Scenario":" init initialize invoke.482 request.844 invoke.844","LoopIndex":-1,"MemoryUsage":3.2981776E7,"TotalTime":0.00477,"NumberOfStates":15},{"Symptom":"normal","Scenario":" init initialize invoke.482 request.844 invoke.844","LoopIndex":-1,"MemoryUsage":3.2891664E7,"TotalTime":0.0116375,"NumberOfStates":12},{"Symptom":"normal","Scenario":" init initialize invoke.482 request.844 invoke.844","LoopIndex":-1,"MemoryUsage":3.309388E7,"TotalTime":0.0031006,"NumberOfStates":12},{"Symptom":"normal","Scenario":" init initialize invoke.482 request.844 invoke.844","LoopIndex":-1,"MemoryUsage":3.3004648E7,"TotalTime":0.2477921,"NumberOfStates":12},{"Symptom":"normal","Scenario":" init initialize invoke.482 request.844 invoke.844","LoopIndex":-1,"MemoryUsage":6.118987E7,"TotalTime":0.049707,"NumberOfStates":11},{"Symptom":"normal","Scenario":" init initialize invoke.482 request.844 invoke.844","LoopIndex":-1,"MemoryUsage":7.040344E7,"TotalTime":0.2219403,"NumberOfStates":12},{"Symptom":"normal","Scenario":" init initialize invoke.482 request.844 invoke.844","LoopIndex":-1,"MemoryUsage":3.750849E7,"TotalTime":0.0958961,"NumberOfStates":11},{"Symptom":"normal","Scenario":" init initialize invoke.482 request.844 invoke.844","LoopIndex":-1,"MemoryUsage":3.3014544E7,"TotalTime":0.0045649,"NumberOfStates":11}]
1040;[{"Symptom":"normal","Scenario":" init initialize invoke.249 request.288 invoke.288 request.570 invoke.570","LoopIndex":-1,"MemoryUsage":3.2971E7,"TotalTime":0.0024565,"NumberOfStates":17},{"Symptom":"normal","Scenario":" init initialize invoke.249 request.270 invoke.270","LoopIndex":-1,"MemoryUsage":3.749437E7,"TotalTime":0.0688135,"NumberOfStates":15},{"Symptom":"normal","Scenario":" init initialize invoke.249 request.270 invoke.270","LoopIndex":-1,"MemoryUsage":3.2924432E7,"TotalTime":0.0147516,"NumberOfStates":15},{"Symptom":"normal","Scenario":" init initialize invoke.249 request.270 invoke.270","LoopIndex":-1,"MemoryUsage":6.57588E7,"TotalTime":0.0539432,"NumberOfStates":14},{"Symptom":"normal","Scenario":" init initialize invoke.249 request.270 invoke.270","LoopIndex":-1,"MemoryUsage":234536.0,"TotalTime":0.1164309,"NumberOfStates":11},{"Symptom":"normal","Scenario":" init initialize invoke.249 request.270 invoke.270","LoopIndex":-1,"MemoryUsage":6.103275E7,"TotalTime":0.2517472,"NumberOfStates":12},{"Symptom":"normal","Scenario":" init initialize invoke.249 request.270 invoke.270","LoopIndex":-1,"MemoryUsage":3.2817936E7,"TotalTime":0.005847,"NumberOfStates":12},{"Symptom":"normal","Scenario":" init initialize invoke.249 request.270 invoke.270","LoopIndex":-1,"MemoryUsage":6.1088504E7,"TotalTime":0.0812759,"NumberOfStates":12},{"Symptom":"normal","Scenario":" init initialize invoke.249 request.270 invoke.270","LoopIndex":-1,"MemoryUsage":4.2207736E7,"TotalTime":0.211028,"NumberOfStates":11},{"Symptom":"normal","Scenario":" init initialize invoke.249 request.270 invoke.270","LoopIndex":-1,"MemoryUsage":3.7567096E7,"TotalTime":0.0425867,"NumberOfStates":11}]
1760;[{"Symptom":"normal","LoopIndex":-1,"MemoryUsage":7.021552E7,"TotalTime":0.3017283,"NumberOfStates":15},{"Symptom":"normal","LoopIndex":-1,"MemoryUsage":3.2992552E7,"TotalTime":0.0026461,"NumberOfStates":17},{"Symptom":"deadloop","Scenario":" init initialize invoke.449 request.262 invoke.262 request.570 invoke.570 request.580 invoke.580 request.287 invoke.287 request.262 invoke.262","LoopIndex":5,"MemoryUsage":6.6218344E7,"TotalTime":0.2045496,"NumberOfStates":22},{"Symptom":"deadloop","Scenario":" init initialize invoke.449 request.262 invoke.262 request.570 invoke.570 request.580 invoke.580 request.287 invoke.287 request.262 invoke.262","LoopIndex":5,"MemoryUsage":7.0618216E7,"TotalTime":0.0441654,"NumberOfStates":22},{"Symptom":"normal","LoopIndex":-1,"MemoryUsage":7.027674E7,"TotalTime":0.0436901,"NumberOfStates":19},{"Symptom":"normal","LoopIndex":-1,"MemoryUsage":3.2853256E7,"TotalTime":0.0257765,"NumberOfStates":13},{"Symptom":"deadloop","Scenario":" init initialize invoke.449 request.262 invoke.262 request.570 invoke.570 request.580 invoke.580 request.287 invoke.287 request.262 invoke.262","LoopIndex":5,"MemoryUsage":3.3070856E7,"TotalTime":0.0041302,"NumberOfStates":24},{"Symptom":"deadloop","Scenario":" init initialize invoke.449 request.262 invoke.262 request.570 invoke.570 request.580 invoke.580 request.287 invoke.287 request.262 invoke.262","LoopIndex":5,"MemoryUsage":2.850748E7,"TotalTime":0.4528506,"NumberOfStates":24},{"Symptom":"deadloop","Scenario":" init initialize invoke.449 request.262 invoke.262 request.570 invoke.570 request.580 invoke.580 request.287 invoke.287 request.262 invoke.262","LoopIndex":5,"MemoryUsage":9.4601064E7,"TotalTime":0.6611622,"NumberOfStates":24},{"Symptom":"normal","LoopIndex":-1,"MemoryUsage":3.3008936E7,"TotalTime":0.003115,"NumberOfStates":23},{"Symptom":"normal","LoopIndex":-1,"MemoryUsage":6.0859744E7,"TotalTime":0.1958919,"NumberOfStates":23},{"Symptom":"normal","LoopIndex":-1,"MemoryUsage":9.8600824E7,"TotalTime":0.0140348,"NumberOfStates":23},{"Symptom":"normal","LoopIndex":-1,"MemoryUsage":5.149635E7,"TotalTime":0.2771883,"NumberOfStates":22},{"Symptom":"deadloop","Scenario":" init initialize invoke.449 request.262 invoke.262 request.570 invoke.570 request.580 invoke.580 request.287 invoke.287 request.262 invoke.262","LoopIndex":5,"MemoryUsage":3.7515704E7,"TotalTime":0.1085966,"NumberOfStates":23}]
1901;[{"Symptom":"normal","LoopIndex":-1,"MemoryUsage":6.0887416E7,"TotalTime":0.0176777,"NumberOfStates":14},{"Symptom":"normal","Scenario":" init initialize invoke.145 request.570 invoke.570 request.580 invoke.580 request.287 invoke.287","LoopIndex":-1,"MemoryUsage":3.7452296E7,"TotalTime":0.0566413,"NumberOfStates":17},{"Symptom":"normal","LoopIndex":-1,"MemoryUsage":7.040321E7,"TotalTime":0.5744266,"NumberOfStates":12},{"Symptom":"normal","Scenario":" init initialize invoke.145 request.570 invoke.570 request.580 invoke.580 request.287 invoke.287","LoopIndex":-1,"MemoryUsage":9.833596E7,"TotalTime":0.3655125,"NumberOfStates":17},{"Symptom":"normal","Scenario":" init initialize invoke.145 request.570 invoke.570 request.580 invoke.580 request.287 invoke.287","LoopIndex":-1,"MemoryUsage":9.83511E7,"TotalTime":0.2732222,"NumberOfStates":18},{"Symptom":"normal","Scenario":" init initialize invoke.145 request.570 invoke.570 request.580 invoke.580 request.287 invoke.287","LoopIndex":-1,"MemoryUsage":9.830422E7,"TotalTime":0.4285885,"NumberOfStates":17},{"Symptom":"normal","Scenario":" init initialize invoke.145 request.570 invoke.570 request.580 invoke.580 request.287 invoke.287","LoopIndex":-1,"MemoryUsage":3.7532504E7,"TotalTime":0.179563,"NumberOfStates":17},{"Symptom":"normal","LoopIndex":-1,"MemoryUsage":3.2830984E7,"TotalTime":0.1752487,"NumberOfStates":10}]
2579;[{"Symptom":"deadloop","Scenario":" init initialize invoke.449 request.262 invoke.262 request.570 invoke.570 request.580 invoke.580 request.287 invoke.287 request.262 invoke.262","LoopIndex":5,"MemoryUsage":3.8394104E7,"TotalTime":0.0047531,"NumberOfStates":22},{"Symptom":"deadloop","Scenario":" init initialize invoke.449 request.262 invoke.262 request.570 invoke.570 request.580 invoke.580 request.287 invoke.287 request.262 invoke.262","LoopIndex":5,"MemoryUsage":6.915603E7,"TotalTime":0.0251162,"NumberOfStates":22},{"Symptom":"deadloop","Scenario":" init initialize invoke.449 request.262 invoke.262 request.570 invoke.570 request.580 invoke.580 request.287 invoke.287 request.262 invoke.262","LoopIndex":5,"MemoryUsage":-9.284416E7,"TotalTime":0.1508228,"NumberOfStates":22},{"Symptom":"normal","LoopIndex":-1,"MemoryUsage":6.819367E7,"TotalTime":0.5169667,"NumberOfStates":17},{"Symptom":"deadloop","Scenario":" init initialize invoke.449 request.262 invoke.262 request.570 invoke.570 request.580 invoke.580 request.287 invoke.287 request.262 invoke.262","LoopIndex":5,"MemoryUsage":3.951649E7,"TotalTime":0.0059053,"NumberOfStates":22},{"Symptom":"deadloop","Scenario":" init initialize invoke.449 request.262 invoke.262 request.570 invoke.570 request.580 invoke.580 request.287 invoke.287 request.262 invoke.262","LoopIndex":5,"MemoryUsage":-6.416404E7,"TotalTime":0.2755188,"NumberOfStates":22},{"Symptom":"normal","LoopIndex":-1,"MemoryUsage":2.36074976E8,"TotalTime":0.4556034,"NumberOfStates":15},{"Symptom":"deadloop","Scenario":" init initialize invoke.449 request.262 invoke.262 request.570 invoke.570 request.580 invoke.580 request.287 invoke.287 request.262 invoke.262","LoopIndex":5,"MemoryUsage":1.34815424E8,"TotalTime":0.2514008,"NumberOfStates":22},{"Symptom":"normal","LoopIndex":-1,"MemoryUsage":2.2415576E8,"TotalTime":0.4012194,"NumberOfStates":19},{"Symptom":"deadloop","Scenario":" init initialize invoke.449 request.262 invoke.262 request.570 invoke.570 request.580 invoke.580 request.287 invoke.287 request.262 invoke.262","LoopIndex":5,"MemoryUsage":1.40115568E8,"TotalTime":0.2074239,"NumberOfStates":24},{"Symptom":"normal","LoopIndex":-1,"MemoryUsage":1.34033896E8,"TotalTime":0.175735,"NumberOfStates":13},{"Symptom":"deadloop","Scenario":" init initialize invoke.449 request.262 invoke.262 request.570 invoke.570 request.580 invoke.580 request.287 invoke.287 request.262 invoke.262","LoopIndex":5,"MemoryUsage":6.581831E7,"TotalTime":0.0053975,"NumberOfStates":24},{"Symptom":"deadloop","Scenario":" init initialize invoke.449 request.262 invoke.262 request.570 invoke.570 request.580 invoke.580 request.287 invoke.287 request.262 invoke.262","LoopIndex":5,"MemoryUsage":9.9143944E7,"TotalTime":0.0548743,"NumberOfStates":24},{"Symptom":"deadloop","Scenario":" init initialize invoke.449 request.262 invoke.262 request.570 invoke.570 request.580 invoke.580 request.287 invoke.287 request.262 invoke.262","LoopIndex":5,"MemoryUsage":7.3833896E7,"TotalTime":0.0070331,"NumberOfStates":22},{"Symptom":"deadloop","Scenario":" init initialize invoke.449 request.262 invoke.262 request.570 invoke.570 request.580 invoke.580 request.287 invoke.287 request.262 invoke.262","LoopIndex":5,"MemoryUsage":7.561156E7,"TotalTime":0.0049275,"NumberOfStates":24},{"Symptom":"deadloop","Scenario":" init initialize invoke.449 request.262 invoke.262 request.570 invoke.570 request.580 invoke.580 request.287 invoke.287 request.262 invoke.262","LoopIndex":5,"MemoryUsage":1.40614048E8,"TotalTime":0.0858256,"NumberOfStates":24},{"Symptom":"deadloop","Scenario":" init initialize invoke.449 request.262 invoke.262 request.570 invoke.570 request.580 invoke.580 request.287 invoke.287 request.262 invoke.262","LoopIndex":5,"MemoryUsage":1.00409096E8,"TotalTime":0.0809832,"NumberOfStates":24},{"Symptom":"deadloop","Scenario":" init initialize invoke.449 request.262 invoke.262 request.570 invoke.570 request.580 invoke.580 request.287 invoke.287 request.262 invoke.262","LoopIndex":5,"MemoryUsage":3.715671E7,"TotalTime":0.0099645,"NumberOfStates":24},{"Symptom":"deadloop","Scenario":" init initialize invoke.449 request.262 invoke.262 request.570 invoke.570 request.580 invoke.580 request.287 invoke.287 request.262 invoke.262","LoopIndex":5,"MemoryUsage":3.4467016E7,"TotalTime":0.6653804,"NumberOfStates":24},{"Symptom":"deadloop","Scenario":" init initialize invoke.449 request.262 invoke.262 request.570 invoke.570 request.580 invoke.580 request.287 invoke.287 request.262 invoke.262","LoopIndex":5,"MemoryUsage":3.381213E7,"TotalTime":0.973496,"NumberOfStates":23},{"Symptom":"normal","LoopIndex":-1,"MemoryUsage":1.3339748E8,"TotalTime":0.0595565,"NumberOfStates":23},{"Symptom":"deadloop","Scenario":" init initialize invoke.449 request.262 invoke.262 request.570 invoke.570 request.580 invoke.580 request.287 invoke.287 request.262 invoke.262","LoopIndex":5,"MemoryUsage":1.366174E8,"TotalTime":0.2082487,"NumberOfStates":24},{"Symptom":"normal","LoopIndex":-1,"MemoryUsage":7.344196E7,"TotalTime":0.3406445,"NumberOfStates":23},{"Symptom":"normal","LoopIndex":-1,"MemoryUsage":1.5456776E7,"TotalTime":0.7625749,"NumberOfStates":22},{"Symptom":"deadloop","Scenario":" init initialize invoke.449 request.262 invoke.262 request.570 invoke.570 request.580 invoke.580 request.287 invoke.287 request.262 invoke.262","LoopIndex":5,"MemoryUsage":-3.2197536E7,"TotalTime":0.3249508,"NumberOfStates":22},{"Symptom":"normal","LoopIndex":-1,"MemoryUsage":1.00356072E8,"TotalTime":0.0073389,"NumberOfStates":23}]
2466;[{"Symptom":"deadloop","Scenario":" init initialize invoke.449 request.262 invoke.262 request.570 invoke.570 request.580 invoke.580 request.287 invoke.287 request.262 invoke.262","LoopIndex":5,"MemoryUsage":7.0444504E7,"TotalTime":0.0170089,"NumberOfStates":22},{"Symptom":"deadloop","Scenario":" init initialize invoke.449 request.262 invoke.262 request.570 invoke.570 request.580 invoke.580 request.287 invoke.287 request.262 invoke.262","LoopIndex":5,"MemoryUsage":7.107529E7,"TotalTime":0.0079073,"NumberOfStates":22},{"Symptom":"normal","LoopIndex":-1,"MemoryUsage":3.411501E7,"TotalTime":0.0037323,"NumberOfStates":17},{"Symptom":"deadloop","Scenario":" init initialize invoke.449 request.262 invoke.262 request.570 invoke.570 request.580 invoke.580 request.287 invoke.287 request.262 invoke.262","LoopIndex":5,"MemoryUsage":7.104276E7,"TotalTime":0.0052329,"NumberOfStates":22},{"Symptom":"deadloop","Scenario":" init initialize invoke.449 request.262 invoke.262 request.570 invoke.570 request.580 invoke.580 request.287 invoke.287 request.262 invoke.262","LoopIndex":5,"MemoryUsage":7.107553E7,"TotalTime":0.0053078,"NumberOfStates":22},{"Symptom":"deadloop","Scenario":" init initialize invoke.449 request.262 invoke.262 request.570 invoke.570 request.580 invoke.580 request.287 invoke.287 request.262 invoke.262","LoopIndex":5,"MemoryUsage":-3.959276E7,"TotalTime":0.0615198,"NumberOfStates":22},{"Symptom":"deadloop","Scenario":" init initialize invoke.449 request.262 invoke.262 request.570 invoke.570 request.580 invoke.580 request.287 invoke.287 request.262 invoke.262","LoopIndex":5,"MemoryUsage":3.555789E7,"TotalTime":0.1794267,"NumberOfStates":22},{"Symptom":"deadloop","Scenario":" init initialize invoke.449 request.262 invoke.262 request.570 invoke.570 request.580 invoke.580 request.287 invoke.287 request.262 invoke.262","LoopIndex":5,"MemoryUsage":4.408833E7,"TotalTime":0.11429,"NumberOfStates":22},{"Symptom":"normal","LoopIndex":-1,"MemoryUsage":7.1280264E7,"TotalTime":0.1286698,"NumberOfStates":15},{"Symptom":"deadloop","Scenario":" init initialize invoke.449 request.262 invoke.262 request.570 invoke.570 request.580 invoke.580 request.287 invoke.287 request.262 invoke.262","LoopIndex":5,"MemoryUsage":8.3462056E7,"TotalTime":0.0635942,"NumberOfStates":22},{"Symptom":"deadloop","Scenario":" init initialize invoke.449 request.262 invoke.262 request.570 invoke.570 request.580 invoke.580 request.287 invoke.287 request.262 invoke.262","LoopIndex":5,"MemoryUsage":7.771857E7,"TotalTime":0.0055649,"NumberOfStates":24},{"Symptom":"deadloop","Scenario":" init initialize invoke.449 request.262 invoke.262 request.570 invoke.570 request.580 invoke.580 request.287 invoke.287 request.262 invoke.262","LoopIndex":5,"MemoryUsage":2.12590224E8,"TotalTime":0.5289271,"NumberOfStates":24},{"Symptom":"deadloop","Scenario":" init initialize invoke.449 request.262 invoke.262 request.570 invoke.570 request.580 invoke.580 request.287 invoke.287 request.262 invoke.262","LoopIndex":5,"MemoryUsage":1.45838432E8,"TotalTime":0.3438408,"NumberOfStates":24},{"Symptom":"deadloop","Scenario":" init initialize invoke.449 request.262 invoke.262 request.570 invoke.570 request.580 invoke.580 request.287 invoke.287 request.262 invoke.262","LoopIndex":5,"MemoryUsage":5.224417E7,"TotalTime":0.2364063,"NumberOfStates":24},{"Symptom":"deadloop","Scenario":" init initialize invoke.449 request.262 invoke.262 request.570 invoke.570 request.580 invoke.580 request.287 invoke.287 request.262 invoke.262","LoopIndex":5,"MemoryUsage":1.78991264E8,"TotalTime":0.6430607,"NumberOfStates":24},{"Symptom":"normal","LoopIndex":-1,"MemoryUsage":4.791016E7,"TotalTime":0.2349991,"NumberOfStates":13},{"Symptom":"deadloop","Scenario":" init initialize invoke.449 request.262 invoke.262 request.570 invoke.570 request.580 invoke.580 request.287 invoke.287 request.262 invoke.262","LoopIndex":5,"MemoryUsage":1.1774244E8,"TotalTime":0.3439153,"NumberOfStates":24},{"Symptom":"deadloop","Scenario":" init initialize invoke.449 request.262 invoke.262 request.570 invoke.570 request.580 invoke.580 request.287 invoke.287 request.262 invoke.262","LoopIndex":5,"MemoryUsage":3.5529464E7,"TotalTime":0.0047344,"NumberOfStates":24},{"Symptom":"deadloop","Scenario":" init initialize invoke.449 request.262 invoke.262 request.570 invoke.570 request.580 invoke.580 request.287 invoke.287 request.262 invoke.262","LoopIndex":5,"MemoryUsage":1.02745784E8,"TotalTime":0.1591801,"NumberOfStates":24},{"Symptom":"normal","LoopIndex":-1,"MemoryUsage":1.0179692E8,"TotalTime":0.1240611,"NumberOfStates":23},{"Symptom":"normal","LoopIndex":-1,"MemoryUsage":4.074316E7,"TotalTime":0.0081842,"NumberOfStates":23},{"Symptom":"normal","LoopIndex":-1,"MemoryUsage":114936.0,"TotalTime":0.0578687,"NumberOfStates":22},{"Symptom":"normal","LoopIndex":-1,"MemoryUsage":-4528296.0,"TotalTime":0.0050349,"NumberOfStates":23},{"Symptom":"deadloop","Scenario":" init initialize invoke.449 request.262 invoke.262 request.570 invoke.570 request.580 invoke.580 request.287 invoke.287 request.262 invoke.262","LoopIndex":5,"MemoryUsage":3.4899624E7,"TotalTime":0.1334042,"NumberOfStates":23},{"Symptom":"deadloop","Scenario":" init initialize invoke.449 request.262 invoke.262 request.570 invoke.570 request.580 invoke.580 request.287 invoke.287 request.262 invoke.262","LoopIndex":5,"MemoryUsage":6011632.0,"TotalTime":0.2516999,"NumberOfStates":24},{"Symptom":"normal","LoopIndex":-1,"MemoryUsage":6.98491E7,"TotalTime":0.0036231,"NumberOfStates":19}]
1413;[{"Symptom":"deadloop","Scenario":" init initialize invoke.145 request.249 invoke.249 request.270 invoke.270 request.482 invoke.482 request.249 invoke.249","LoopIndex":5,"MemoryUsage":6.583339E7,"TotalTime":0.0093251,"NumberOfStates":18},{"Symptom":"deadloop","Scenario":" init initialize invoke.145 request.249 invoke.249 request.270 invoke.270 request.482 invoke.482 request.249 invoke.249","LoopIndex":5,"MemoryUsage":3.752755E7,"TotalTime":0.1678495,"NumberOfStates":18},{"Symptom":"normal","LoopIndex":-1,"MemoryUsage":3.754492E7,"TotalTime":0.0058855,"NumberOfStates":11},{"Symptom":"normal","LoopIndex":-1,"MemoryUsage":4.2227424E7,"TotalTime":0.1833143,"NumberOfStates":13},{"Symptom":"deadloop","Scenario":" init initialize invoke.145 request.249 invoke.249 request.270 invoke.270 request.482 invoke.482 request.249 invoke.249","LoopIndex":5,"MemoryUsage":3.2940816E7,"TotalTime":0.0026818,"NumberOfStates":20},{"Symptom":"normal","LoopIndex":-1,"MemoryUsage":-4497616.0,"TotalTime":0.2855893,"NumberOfStates":18},{"Symptom":"normal","LoopIndex":-1,"MemoryUsage":1.03024912E8,"TotalTime":0.1994851,"NumberOfStates":15},{"Symptom":"deadloop","Scenario":" init initialize invoke.145 request.249 invoke.249 request.270 invoke.270 request.482 invoke.482 request.249 invoke.249","LoopIndex":5,"MemoryUsage":9.369065E7,"TotalTime":0.1166021,"NumberOfStates":20},{"Symptom":"normal","LoopIndex":-1,"MemoryUsage":6.126495E7,"TotalTime":0.0034282,"NumberOfStates":19},{"Symptom":"normal","LoopIndex":-1,"MemoryUsage":3.2895696E7,"TotalTime":0.064935,"NumberOfStates":19},{"Symptom":"deadloop","Scenario":" init initialize invoke.145 request.249 invoke.249 request.270 invoke.270 request.482 invoke.482 request.249 invoke.249","LoopIndex":5,"MemoryUsage":6.6047984E7,"TotalTime":0.1298774,"NumberOfStates":19},{"Symptom":"deadloop","Scenario":" init initialize invoke.145 request.249 invoke.249 request.270 invoke.270 request.482 invoke.482 request.249 invoke.249","LoopIndex":5,"MemoryUsage":3.312104E7,"TotalTime":0.0027499,"NumberOfStates":20}]
2585;[{"Symptom":"normal","LoopIndex":-1,"MemoryUsage":1.138265E8,"TotalTime":0.1071531,"NumberOfStates":2711},{"Symptom":"livelock","Scenario":" init initialize invoke.288 request.570 invoke.570 invoke.482 request.844 invoke.844 invoke.145 request.249 invoke.249 request.288 invoke.288 request.570 invoke.570","LoopIndex":-1,"MemoryUsage":1.00673864E8,"TotalTime":0.05232,"NumberOfStates":37},{"Symptom":"livelock","Scenario":" init initialize invoke.288 request.570 invoke.570 invoke.482 request.844 invoke.844 invoke.145 request.249 invoke.249 request.288 invoke.288 request.570 invoke.570","LoopIndex":-1,"MemoryUsage":3.844103E7,"TotalTime":0.0451439,"NumberOfStates":37},{"Symptom":"livelock","Scenario":" init initialize invoke.288 request.570 invoke.570 invoke.482 request.844 invoke.844 invoke.145 request.249 invoke.249 request.288 invoke.288 request.570 invoke.570","LoopIndex":-1,"MemoryUsage":4.2503904E7,"TotalTime":0.1958068,"NumberOfStates":37},{"Symptom":"livelock","Scenario":" init initialize invoke.288 request.570 invoke.570 invoke.482 request.844 invoke.844 invoke.145 request.249 invoke.249 request.270 invoke.270 request.482 invoke.482 request.844 invoke.844","LoopIndex":-1,"MemoryUsage":3.3334E7,"TotalTime":0.0024967,"NumberOfStates":50},{"Symptom":"livelock","Scenario":" init initialize invoke.288 request.570 invoke.570 invoke.482 request.844 invoke.844 invoke.145 request.249 invoke.249 request.270 invoke.270 request.482 invoke.482 request.844 invoke.844","LoopIndex":-1,"MemoryUsage":3.3855736E7,"TotalTime":0.0043424,"NumberOfStates":38},{"Symptom":"livelock","Scenario":" init initialize invoke.288 request.570 invoke.570 invoke.482 request.844 invoke.844 invoke.145 request.249 invoke.249 request.288 invoke.288 request.570 invoke.570","LoopIndex":-1,"MemoryUsage":9.972936E7,"TotalTime":0.7140546,"NumberOfStates":47},{"Symptom":"livelock","Scenario":" init initialize invoke.288 request.570 invoke.570 invoke.482 request.844 invoke.844 invoke.145 request.249 invoke.249 request.270 invoke.270 request.482 invoke.482 request.249 invoke.249 request.288 invoke.288 request.570 invoke.570","LoopIndex":-1,"MemoryUsage":777136.0,"TotalTime":0.4212693,"NumberOfStates":44},{"Symptom":"livelock","Scenario":" init initialize invoke.288 request.570 invoke.570 invoke.482 request.844 invoke.844 invoke.145 request.570 invoke.570","LoopIndex":-1,"MemoryUsage":1.36440544E8,"TotalTime":0.4309511,"NumberOfStates":42},{"Symptom":"livelock","Scenario":" init initialize invoke.288 request.570 invoke.570 invoke.482 request.844 invoke.844 invoke.145 request.249 invoke.249 request.270 invoke.270 request.482 invoke.482 request.844 invoke.844","LoopIndex":-1,"MemoryUsage":3.332584E7,"TotalTime":0.0051743,"NumberOfStates":38},{"Symptom":"livelock","Scenario":" init initialize invoke.288 request.570 invoke.570 invoke.482 request.844 invoke.844 invoke.145 request.249 invoke.249 request.288 invoke.288 request.570 invoke.570","LoopIndex":-1,"MemoryUsage":1.368066E8,"TotalTime":0.4322177,"NumberOfStates":52},{"Symptom":"livelock","Scenario":" init initialize invoke.288 request.570 invoke.570 invoke.482 request.844 invoke.844 invoke.145 request.249 invoke.249 request.270 invoke.270 request.482 invoke.482 request.844 invoke.844","LoopIndex":-1,"MemoryUsage":3.3246E7,"TotalTime":0.0951684,"NumberOfStates":37},{"Symptom":"livelock","Scenario":" init initialize invoke.288 request.570 invoke.570 invoke.482 request.844 invoke.844 invoke.145 request.249 invoke.249 request.270 invoke.270 request.482 invoke.482 request.844 invoke.844","LoopIndex":-1,"MemoryUsage":-2.820404E7,"TotalTime":0.1584686,"NumberOfStates":58},{"Symptom":"livelock","Scenario":" init initialize invoke.288 request.570 invoke.570 invoke.482 request.844 invoke.844 invoke.145 request.249 invoke.249 request.270 invoke.270 request.482 invoke.482 request.844 invoke.844","LoopIndex":-1,"MemoryUsage":6.1810424E7,"TotalTime":0.0078893,"NumberOfStates":58},{"Symptom":"livelock","Scenario":" init initialize invoke.288 request.570 invoke.570 invoke.482 request.844 invoke.844 invoke.145 request.249 invoke.249 request.270 invoke.270 request.482 invoke.482 request.844 invoke.844","LoopIndex":-1,"MemoryUsage":4834024.0,"TotalTime":0.3268417,"NumberOfStates":59},{"Symptom":"livelock","Scenario":" init initialize invoke.288 request.570 invoke.570 invoke.482 request.844 invoke.844 invoke.145 request.249 invoke.249 request.270 invoke.270 request.482 invoke.482 request.844 invoke.844","LoopIndex":-1,"MemoryUsage":3.845323E7,"TotalTime":0.1565696,"NumberOfStates":59},{"Symptom":"livelock","Scenario":" init initialize invoke.288 request.570 invoke.570 invoke.482 request.844 invoke.844 invoke.145 request.249 invoke.249 request.270 invoke.270 request.482 invoke.482 request.844 invoke.844","LoopIndex":-1,"MemoryUsage":3.3227536E7,"TotalTime":0.0119705,"NumberOfStates":59},{"Symptom":"livelock","Scenario":" init initialize invoke.288 request.570 invoke.570 invoke.482 request.844 invoke.844 invoke.145 request.249 invoke.249 request.270 invoke.270 request.482 invoke.482 request.844 invoke.844","LoopIndex":-1,"MemoryUsage":3.2957224E7,"TotalTime":0.0972164,"NumberOfStates":60},{"Symptom":"livelock","Scenario":" init initialize invoke.288 request.570 invoke.570 invoke.482 request.844 invoke.844 invoke.145 request.249 invoke.249 request.270 invoke.270 request.482 invoke.482 request.844 invoke.844","LoopIndex":-1,"MemoryUsage":6.215649E7,"TotalTime":0.0022143,"NumberOfStates":57},{"Symptom":"livelock","Scenario":" init initialize invoke.288 request.570 invoke.570 invoke.482 request.844 invoke.844 invoke.145 request.249 invoke.249 request.270 invoke.270 request.482 invoke.482 request.844 invoke.844","LoopIndex":-1,"MemoryUsage":6.626097E7,"TotalTime":0.0449221,"NumberOfStates":59}]
2018;[{"Symptom":"deadloop","Scenario":" init initialize invoke.449 request.262 invoke.262 request.570 invoke.570 request.580 invoke.580 request.287 invoke.287 request.262 invoke.262","LoopIndex":5,"MemoryUsage":6.672553E7,"TotalTime":0.0697153,"NumberOfStates":22},{"Symptom":"deadloop","Scenario":" init initialize invoke.449 request.262 invoke.262 request.570 invoke.570 request.580 invoke.580 request.287 invoke.287 request.262 invoke.262","LoopIndex":5,"MemoryUsage":3.442308E7,"TotalTime":0.0031299,"NumberOfStates":22},{"Symptom":"deadloop","Scenario":" init initialize invoke.449 request.262 invoke.262 request.570 invoke.570 request.580 invoke.580 request.287 invoke.287 request.262 invoke.262","LoopIndex":5,"MemoryUsage":2.06309072E8,"TotalTime":0.5052158,"NumberOfStates":24},{"Symptom":"deadloop","Scenario":" init initialize invoke.449 request.262 invoke.262 request.570 invoke.570 request.580 invoke.580 request.287 invoke.287 request.262 invoke.262","LoopIndex":5,"MemoryUsage":1.98328256E8,"TotalTime":0.2693837,"NumberOfStates":22},{"Symptom":"normal","LoopIndex":-1,"MemoryUsage":6.4421576E7,"TotalTime":0.0045299,"NumberOfStates":13},{"Symptom":"normal","LoopIndex":-1,"MemoryUsage":1.98917952E8,"TotalTime":0.2410764,"NumberOfStates":19},{"Symptom":"deadloop","Scenario":" init initialize invoke.449 request.262 invoke.262 request.570 invoke.570 request.580 invoke.580 request.287 invoke.287 request.262 invoke.262","LoopIndex":5,"MemoryUsage":2.32973E8,"TotalTime":0.4011711,"NumberOfStates":24},{"Symptom":"normal","LoopIndex":-1,"MemoryUsage":2.27628352E8,"TotalTime":0.2426636,"NumberOfStates":17},{"Symptom":"normal","LoopIndex":-1,"MemoryUsage":6.822384E7,"TotalTime":0.0984586,"NumberOfStates":15},{"Symptom":"deadloop","Scenario":" init initialize invoke.449 request.262 invoke.262 request.570 invoke.570 request.580 invoke.580 request.287 invoke.287 request.262 invoke.262","LoopIndex":5,"MemoryUsage":1.693422E8,"TotalTime":0.3508457,"NumberOfStates":22},{"Symptom":"normal","LoopIndex":-1,"MemoryUsage":3.3417944E7,"TotalTime":0.0049113,"NumberOfStates":23},{"Symptom":"deadloop","Scenario":" init initialize invoke.449 request.262 invoke.262 request.570 invoke.570 request.580 invoke.580 request.287 invoke.287 request.262 invoke.262","LoopIndex":5,"MemoryUsage":3.421995E7,"TotalTime":0.1805305,"NumberOfStates":24},{"Symptom":"deadloop","Scenario":" init initialize invoke.449 request.262 invoke.262 request.570 invoke.570 request.580 invoke.580 request.287 invoke.287 request.262 invoke.262","LoopIndex":5,"MemoryUsage":6.6568776E7,"TotalTime":0.2665659,"NumberOfStates":24},{"Symptom":"normal","LoopIndex":-1,"MemoryUsage":911264.0,"TotalTime":0.0724049,"NumberOfStates":22},{"Symptom":"deadloop","Scenario":" init initialize invoke.449 request.262 invoke.262 request.570 invoke.570 request.580 invoke.580 request.287 invoke.287 request.262 invoke.262","LoopIndex":5,"MemoryUsage":1.33945648E8,"TotalTime":0.5692098,"NumberOfStates":23},{"Symptom":"normal","LoopIndex":-1,"MemoryUsage":3.525096E7,"TotalTime":0.0302627,"NumberOfStates":23},{"Symptom":"normal","LoopIndex":-1,"MemoryUsage":6.716109E7,"TotalTime":0.3840819,"NumberOfStates":23},{"Symptom":"deadloop","Scenario":" init initialize invoke.449 request.262 invoke.262 request.570 invoke.570 request.580 invoke.580 request.287 invoke.287 request.262 invoke.262","LoopIndex":5,"MemoryUsage":6.6620416E7,"TotalTime":0.4553802,"NumberOfStates":24}]
2434;[{"Symptom":"normal","LoopIndex":-1,"MemoryUsage":8.47944E7,"TotalTime":0.2665645,"NumberOfStates":2711},{"Symptom":"livelock","Scenario":" init initialize invoke.288 request.570 invoke.570 invoke.482 request.844 invoke.844 invoke.145 request.249 invoke.249 request.288 invoke.288 request.570 invoke.570","LoopIndex":-1,"MemoryUsage":3.443997E7,"TotalTime":0.0027965,"NumberOfStates":37},{"Symptom":"livelock","Scenario":" init initialize invoke.288 request.570 invoke.570 invoke.482 request.844 invoke.844 invoke.145 request.249 invoke.249 request.288 invoke.288 request.570 invoke.570","LoopIndex":-1,"MemoryUsage":3.3268496E7,"TotalTime":0.0031931,"NumberOfStates":37},{"Symptom":"livelock","Scenario":" init initialize invoke.288 request.570 invoke.570 invoke.482 request.844 invoke.844 invoke.145 request.249 invoke.249 request.288 invoke.288 request.570 invoke.570","LoopIndex":-1,"MemoryUsage":4.235719E7,"TotalTime":0.2835021,"NumberOfStates":37},{"Symptom":"livelock","Scenario":" init initialize invoke.288 request.570 invoke.570 invoke.482 request.844 invoke.844 invoke.145 request.249 invoke.249 request.288 invoke.288 request.570 invoke.570","LoopIndex":-1,"MemoryUsage":1.00534952E8,"TotalTime":0.0860047,"NumberOfStates":52},{"Symptom":"livelock","Scenario":" init initialize invoke.288 request.570 invoke.570 invoke.482 request.844 invoke.844 invoke.145 request.249 invoke.249 request.270 invoke.270 request.482 invoke.482 request.844 invoke.844","LoopIndex":-1,"MemoryUsage":1.27921608E8,"TotalTime":0.0398039,"NumberOfStates":37},{"Symptom":"livelock","Scenario":" init initialize invoke.288 request.570 invoke.570 invoke.482 request.844 invoke.844 invoke.145 request.249 invoke.249 request.270 invoke.270 request.482 invoke.482 request.249 invoke.249 request.288 invoke.288 request.570 invoke.570","LoopIndex":-1,"MemoryUsage":1.27625528E8,"TotalTime":0.006406,"NumberOfStates":44},{"Symptom":"livelock","Scenario":" init initialize invoke.288 request.570 invoke.570 invoke.482 request.844 invoke.844 invoke.145 request.249 invoke.249 request.288 invoke.288 request.570 invoke.570","LoopIndex":-1,"MemoryUsage":1.28416056E8,"TotalTime":0.5511394,"NumberOfStates":47},{"Symptom":"livelock","Scenario":" init initialize invoke.288 request.570 invoke.570 invoke.482 request.844 invoke.844 invoke.145 request.249 invoke.249 request.270 invoke.270 request.482 invoke.482 request.844 invoke.844","LoopIndex":-1,"MemoryUsage":9.881942E7,"TotalTime":0.00496,"NumberOfStates":38},{"Symptom":"livelock","Scenario":" init initialize invoke.288 request.570 invoke.570 invoke.482 request.844 invoke.844 invoke.145 request.249 invoke.249 request.270 invoke.270 request.482 invoke.482 request.844 invoke.844","LoopIndex":-1,"MemoryUsage":3.3235728E7,"TotalTime":0.003121,"NumberOfStates":38},{"Symptom":"livelock","Scenario":" init initialize invoke.288 request.570 invoke.570 invoke.482 request.844 invoke.844 invoke.145 request.570 invoke.570","LoopIndex":-1,"MemoryUsage":7.120716E7,"TotalTime":0.1534329,"NumberOfStates":42},{"Symptom":"livelock","Scenario":" init initialize invoke.288 request.570 invoke.570 invoke.482 request.844 invoke.844 invoke.145 request.249 invoke.249 request.270 invoke.270 request.482 invoke.482 request.844 invoke.844","LoopIndex":-1,"MemoryUsage":6.625395E7,"TotalTime":0.0348371,"NumberOfStates":50},{"Symptom":"livelock","Scenario":" init initialize invoke.288 request.570 invoke.570 invoke.482 request.844 invoke.844 invoke.145 request.249 invoke.249 request.270 invoke.270 request.482 invoke.482 request.844 invoke.844","LoopIndex":-1,"MemoryUsage":3.322656E7,"TotalTime":0.0100556,"NumberOfStates":59},{"Symptom":"livelock","Scenario":" init initialize invoke.288 request.570 invoke.570 invoke.482 request.844 invoke.844 invoke.145 request.249 invoke.249 request.270 invoke.270 request.482 invoke.482 request.844 invoke.844","LoopIndex":-1,"MemoryUsage":3.3180816E7,"TotalTime":0.0676037,"NumberOfStates":58},{"Symptom":"livelock","Scenario":" init initialize invoke.288 request.570 invoke.570 invoke.482 request.844 invoke.844 invoke.145 request.249 invoke.249 request.270 invoke.270 request.482 invoke.482 request.844 invoke.844","LoopIndex":-1,"MemoryUsage":6.143821E7,"TotalTime":0.0063279,"NumberOfStates":59},{"Symptom":"livelock","Scenario":" init initialize invoke.288 request.570 invoke.570 invoke.482 request.844 invoke.844 invoke.145 request.249 invoke.249 request.270 invoke.270 request.482 invoke.482 request.844 invoke.844","LoopIndex":-1,"MemoryUsage":2.9416352E7,"TotalTime":0.3063508,"NumberOfStates":59},{"Symptom":"livelock","Scenario":" init initialize invoke.288 request.570 invoke.570 invoke.482 request.844 invoke.844 invoke.145 request.249 invoke.249 request.270 invoke.270 request.482 invoke.482 request.844 invoke.844","LoopIndex":-1,"MemoryUsage":3.766021E7,"TotalTime":0.226549,"NumberOfStates":57},{"Symptom":"livelock","Scenario":" init initialize invoke.288 request.570 invoke.570 invoke.482 request.844 invoke.844 invoke.145 request.249 invoke.249 request.270 invoke.270 request.482 invoke.482 request.844 invoke.844","LoopIndex":-1,"MemoryUsage":3.3235728E7,"TotalTime":0.0028696,"NumberOfStates":58},{"Symptom":"livelock","Scenario":" init initialize invoke.288 request.570 invoke.570 invoke.482 request.844 invoke.844 invoke.145 request.249 invoke.249 request.270 invoke.270 request.482 invoke.482 request.844 invoke.844","LoopIndex":-1,"MemoryUsage":-3.211304E7,"TotalTime":0.1356853,"NumberOfStates":59},{"Symptom":"livelock","Scenario":" init initialize invoke.288 request.570 invoke.570 invoke.482 request.844 invoke.844 invoke.145 request.249 invoke.249 request.270 invoke.270 request.482 invoke.482 request.844 invoke.844","LoopIndex":-1,"MemoryUsage":7.122068E7,"TotalTime":0.1548747,"NumberOfStates":60}]
5053
